0.0023997,  0.00590231, 0.01012841, 0.0121259,  0.01012841, 0.00590231, 0.0023997,
0.00590231, 0.01451734, 0.02491186, 0.02982491, 0.02491186, 0.01451734, 0.00590231,
0.01012841, 0.02491186, 0.04274892, 0.05117975, 0.04274892, 0.02491186, 0.01012841,
0.0121259,  0.02982491, 0.05117975, 0.06127329, 0.05117975, 0.02982491, 0.0121259,
0.01012841, 0.02491186, 0.04274892, 0.05117975, 0.04274892, 0.02491186, 0.01012841,
0.00590231, 0.01451734, 0.02491186, 0.02982491, 0.02491186, 0.01451734, 0.00590231,
0.0023997,  0.00590231, 0.01012841, 0.0121259,  0.01012841, 0.00590231, 0.0023997